{
  "asset": {
    "version": "2.0",
    "generator": "THREE.GLTFExporter"
  },
  "scenes": [
    {
      "nodes": [
        78
      ],
      "name": "Root Scene"
    }
  ],
  "scene": 0,
  "nodes": [
    {
      "matrix": [
        0.9999999999999889,
        -4.9735618599962284e-15,
        1.4901162059149386e-7,
        0,
        4.8010862064818516e-8,
        0.9466731275361258,
        -0.3221953923335743,
        0,
        -1.4106529533559311e-7,
        0.32219539233357786,
        0.9466731275361152,
        0,
        1.29347939685701e-16,
        0.00362123386003077,
        2.23517412911711e-10,
        1
      ],
      "name": "head"
    },
    {
      "matrix": [
        0.9999999999999987,
        5.243828673140268e-8,
        2.08095538531231e-9,
        0,
        -4.981636772658208e-8,
        0.9360348564457353,
        0.35190730830010397,
        0,
        1.650556867152459e-8,
        -0.35190730830010364,
        0.9360348564457366,
        0,
        5.62065659013391e-19,
        0.00867421552538872,
        1.86264510759759e-11,
        1
      ],
      "name": "neck",
      "children": [
        0
      ]
    },
    {
      "matrix": [
        0.999997795639645,
        -0.00030926329232164605,
        0.0021334222809890283,
        0,
        0.0006242254850293676,
        0.9887984020713794,
        -0.14925552264329425,
        0,
        -0.0020633651645852995,
        0.14925651647052168,
        0.9887963565165642,
        0,
        3.35276112428673e-10,
        0.00073722522938624,
        5.58793511462596e-10,
        1
      ],
      "name": "f_index03L"
    },
    {
      "matrix": [
        0.9999519156561593,
        0.009794027002778179,
        -0.00007067606593333691,
        0,
        -0.009645635403955957,
        0.9860025595243885,
        0.16645093935473446,
        0,
        0.0016999119278384566,
        -0.16644227379670876,
        0.9860497353951817,
        0,
        -9.31322519104327e-11,
        0.00124738446902484,
        -4.54485427070495e-9,
        1
      ],
      "name": "f_index02L",
      "children": [
        2
      ]
    },
    {
      "matrix": [
        0.982116845596443,
        0.010082797939930511,
        -0.18800159823734497,
        0,
        -0.03372112613879537,
        0.9918380797058809,
        -0.12296482415394747,
        0,
        0.18522729266564156,
        0.1271054356069086,
        0.9744407733141053,
        0,
        -0.00107537698931992,
        0.0030969709623605,
        -0.000134789370349608,
        1
      ],
      "name": "f_index01L",
      "children": [
        3
      ]
    },
    {
      "matrix": [
        0.9948253629683371,
        -0.0872749240557906,
        -0.05201409327955146,
        0,
        0.07682285051422548,
        0.9812000445170853,
        -0.1770450838779418,
        0,
        0.06648781856954576,
        0.17213304853245043,
        0.9828272815274866,
        0,
        4.75440176117559e-9,
        0.00102817127481103,
        3.72529021519519e-11,
        1
      ],
      "name": "thumb03L"
    },
    {
      "matrix": [
        0.956540178124975,
        -0.29088751898542403,
        -0.020379825821938827,
        0,
        0.27730962406742227,
        0.885826124302589,
        0.3720362465966757,
        0,
        -0.09016774219488409,
        -0.36151922542137166,
        0.9279944101213959,
        0,
        -9.77888658937331e-10,
        0.00156031944788992,
        1.60187474396167e-9,
        1
      ],
      "name": "thumb02L",
      "children": [
        5
      ]
    },
    {
      "matrix": [
        0.18658099257317773,
        0.3615341763293656,
        -0.9134989535442541,
        0,
        -0.6881588827852703,
        0.7117048778207604,
        0.14111485086371992,
        0,
        0.7011596283941931,
        0.6023031762330078,
        0.38158362444197325,
        0,
        -0.00072291970718652,
        0.000896579353138804,
        0.000277431739959866,
        1
      ],
      "name": "thumb01L",
      "children": [
        6
      ]
    },
    {
      "matrix": [
        0.9999800897072437,
        -0.0009629726174074024,
        0.006236415076286474,
        0,
        0.0015052107204782711,
        0.9961601709803675,
        -0.08753519125373437,
        0,
        -0.006128173586395759,
        0.0875428250853266,
        0.9961416678670634,
        0,
        -1.74003381148147e-11,
        0.000894211640115827,
        3.9971199683464e-9,
        1
      ],
      "name": "f_middle03L"
    },
    {
      "matrix": [
        0.999199503381042,
        0.03976203299558152,
        0.004383376023587616,
        0,
        -0.03998669386039419,
        0.9958999777079455,
        0.08114222326761868,
        0,
        -0.0011390244327117314,
        -0.08125255074905303,
        0.9966927747717299,
        0,
        7.01477625986158e-11,
        0.00136220990680158,
        3.70608166377906e-9,
        1
      ],
      "name": "f_middle02L",
      "children": [
        8
      ]
    },
    {
      "matrix": [
        0.9999871107190508,
        0.005041901131535089,
        -7.463019458532617e-8,
        0,
        -0.005011548381602894,
        0.9939654663649378,
        -0.10957835743719296,
        0,
        -0.0005524091170750407,
        0.10957695195621667,
        0.9939779818428491,
        0,
        -0.000302771280985326,
        0.00322531838901341,
        -0.000225593423238024,
        1
      ],
      "name": "f_middle01L",
      "children": [
        9
      ]
    },
    {
      "matrix": [
        0.9998977738116439,
        0.014295798276564586,
        0.00055721903516027,
        0,
        -0.014252834253852825,
        0.9987555524047885,
        -0.0477920914181584,
        0,
        -0.0012397514940380228,
        0.04777925532043891,
        0.9988570304690395,
        0,
        7.45058015283462e-10,
        0.000750517589040101,
        1.26659871479973e-9,
        1
      ],
      "name": "f_ring03L"
    },
    {
      "matrix": [
        0.9999882335816354,
        -0.0048380076075456215,
        0.00035550153073674994,
        0,
        0.004808419186534527,
        0.9982291291503484,
        0.059289514272434424,
        0,
        -0.0006417152494062633,
        -0.05928712138204158,
        0.9982408847358806,
        0,
        7.45058043039037e-11,
        0.00129575829487294,
        -4.24683088695588e-9,
        1
      ],
      "name": "f_ring02L",
      "children": [
        11
      ]
    },
    {
      "matrix": [
        0.9707454222455625,
        -0.020489981466127953,
        0.23923520783965452,
        0,
        0.04109221429282417,
        0.9958301470266294,
        -0.08144928758443945,
        0,
        -0.23656869544837408,
        0.08889721174867661,
        0.9675393622793772,
        0,
        0.000342526065651327,
        0.00313280685804784,
        -0.000110823450086173,
        1
      ],
      "name": "f_ring01L",
      "children": [
        12
      ]
    },
    {
      "matrix": [
        0.9995632368351188,
        0.02953846995331617,
        0.0007589310642367496,
        0,
        -0.029173703907577682,
        0.9906448932998893,
        -0.13330923710605508,
        0,
        -0.004689583600161687,
        0.13322891936112738,
        0.9910743170789447,
        0,
        5.21540644005114e-10,
        0.000607037916779518,
        -1.19209286886246e-9,
        1
      ],
      "name": "f_pinky03L"
    },
    {
      "matrix": [
        0.9994186971129453,
        -0.03405989213661312,
        -0.0014804250866685396,
        0,
        0.03402209159113151,
        0.9936465856484833,
        0.1072792684871433,
        0,
        -0.0021829005635644705,
        -0.10726726110979992,
        0.9942276462184708,
        0,
        -3.72528986825049e-11,
        0.00100679975003004,
        2.98023206113385e-9,
        1
      ],
      "name": "f_pinky02L",
      "children": [
        14
      ]
    },
    {
      "matrix": [
        0.9268535142654842,
        0.021233571513602785,
        0.37482190860508635,
        0,
        0.015895723683849255,
        0.995284322464846,
        -0.09568930776829411,
        0,
        -0.37508623981882533,
        0.09464804797718128,
        0.9221453589124211,
        0,
        0.00103388749994338,
        0.00282990303821862,
        0.000158313021529466,
        1
      ],
      "name": "f_pinky01L",
      "children": [
        15
      ]
    },
    {
      "matrix": [
        3.666994537198555e-8,
        0.016313467076000687,
        -0.9998667907447634,
        0,
        0.026826851537497955,
        0.9995068311666934,
        0.016307594373899007,
        0,
        0.9996398997558064,
        -0.026823283521200423,
        -0.00043760238478206547,
        0,
        2.4254689368064e-9,
        0.00822239834815264,
        -1.16415321826935e-10,
        1
      ],
      "name": "handL",
      "children": [
        4,
        7,
        10,
        13,
        16
      ]
    },
    {
      "matrix": [
        0.9990054310256229,
        0.04458139745741005,
        0.0008048996923614092,
        0,
        -0.04458272309259646,
        0.9990041634781209,
        0.0017155253720000298,
        0,
        -0.0007276177586669979,
        -0.001749704095263881,
        0.9999983237619539,
        0,
        -8.80615025344866e-10,
        0.00932659860700369,
        -5.93718130215137e-11,
        1
      ],
      "name": "forearmL",
      "children": [
        17
      ]
    },
    {
      "matrix": [
        -0.006161045129596143,
        -0.03087660325459496,
        -0.9995042167604866,
        0,
        0.32959990755146545,
        0.9436057729842232,
        -0.031181479881049076,
        0,
        0.9441006147617217,
        -0.32962856821624953,
        0.004363327225435976,
        0,
        6.2417626622846e-11,
        0.00578406360000372,
        9.62754653777154e-10,
        1
      ],
      "name": "upper_armL",
      "children": [
        18
      ]
    },
    {
      "matrix": [
        0.3466385187900874,
        -0.030124307819530627,
        0.9375150601022662,
        0,
        0.9379043217524546,
        0.025333772151376516,
        -0.3459684080574611,
        0,
        -0.013328722702816357,
        0.999225290911805,
        0.037035382391620235,
        0,
        0.000598902348428965,
        0.00654657185077667,
        0.00179437990300357,
        1
      ],
      "name": "shoulderL",
      "children": [
        19
      ]
    },
    {
      "matrix": [
        0.9999976763647069,
        0.00030926043878358423,
        -0.002133453335789853,
        0,
        -0.0006242274101967847,
        0.9887984610085787,
        -0.14925553153275117,
        0,
        0.0020633967893841335,
        0.1492565342701511,
        0.9887964743241328,
        0,
        6.70552224857346e-10,
        0.00073722458910197,
        1.17346643513372e-9,
        1
      ],
      "name": "f_index03R"
    },
    {
      "matrix": [
        0.9999518560664404,
        -0.009794025136523875,
        0.00007068306170612219,
        0,
        0.00964563239928545,
        0.9860025007722244,
        0.16645092946615567,
        0,
        -0.0016999183127343537,
        -0.16644224400184063,
        0.9860495590696473,
        0,
        3.91155469126048e-10,
        0.00124738528393209,
        9.31322657882205e-11,
        1
      ],
      "name": "f_index02R",
      "children": [
        21
      ]
    },
    {
      "matrix": [
        0.9821169488026643,
        -0.010082788901859065,
        0.18800169432091007,
        0,
        0.033721129295154306,
        0.991838198065364,
        -0.12296483851606003,
        0,
        -0.18522738912172287,
        0.1271054510554941,
        0.9744408754820835,
        0,
        0.00107537722215056,
        0.00309697375632823,
        -0.000134789050207473,
        1
      ],
      "name": "f_index01R",
      "children": [
        22
      ]
    },
    {
      "matrix": [
        0.9946843706302354,
        0.08822557545094972,
        0.05309886443975012,
        0,
        -0.07755314272481519,
        0.9810898310660072,
        -0.17733554906994117,
        0,
        -0.06774027828348396,
        0.17227489482294983,
        0.9827167744287402,
        0,
        -2.34227615081295e-9,
        0.00102817290462554,
        -1.49011608607807e-10,
        1
      ],
      "name": "thumb03R"
    },
    {
      "matrix": [
        0.9565402955007024,
        0.2908875355344998,
        0.02037991431039359,
        0,
        -0.2773096587237814,
        0.8858261883607393,
        0.37203622621127674,
        0,
        0.09016764741507577,
        -0.36151921011346044,
        0.9279944247274354,
        0,
        7.61821805639329e-9,
        0.00156031816732138,
        2.30968000280996e-9,
        1
      ],
      "name": "thumb02R",
      "children": [
        24
      ]
    },
    {
      "matrix": [
        0.18658086814243452,
        -0.3615343434912695,
        0.9134991445461531,
        0,
        0.688159014031796,
        0.7117051031050206,
        0.14111511942896893,
        0,
        -0.7011597912909344,
        0.6023031681363776,
        0.38158359706867995,
        0,
        0.000722919881809503,
        0.000896580109838396,
        0.000277431972790509,
        1
      ],
      "name": "thumb01R",
      "children": [
        25
      ]
    },
    {
      "matrix": [
        0.9999800897343234,
        0.0009629695010830989,
        -0.006236411216383313,
        0,
        -0.0015052074135545588,
        0.9961602297073276,
        -0.08753520392701464,
        0,
        0.006128170368177795,
        0.08754283773428838,
        0.9961417266119544,
        0,
        2.3501683932281e-10,
        0.000894211581908166,
        -1.0334769706688e-9,
        1
      ],
      "name": "f_middle03R"
    },
    {
      "matrix": [
        0.9991995630725153,
        -0.03976203142564895,
        -0.00438338139917247,
        0,
        0.039986692740789205,
        0.995900036611324,
        0.08114223544992492,
        0,
        0.0011390296203201019,
        -0.08125256313209578,
        0.9966928335595086,
        0,
        -1.18136255986001e-11,
        0.0013622147962451,
        3.68701869035704e-9,
        1
      ],
      "name": "f_middle02R",
      "children": [
        27
      ]
    },
    {
      "matrix": [
        0.9999872298426521,
        -0.005041918422364625,
        1.7819715823422863e-7,
        0,
        0.005011576327803173,
        0.9939654678877148,
        -0.1095783423035284,
        0,
        0.0005523079280697446,
        0.10957693733255747,
        0.9939779835065059,
        0,
        0.000302771426504478,
        0.00322532141581178,
        -0.000225593219511211,
        1
      ],
      "name": "f_middle01R",
      "children": [
        28
      ]
    },
    {
      "matrix": [
        0.9998978929978518,
        -0.014295800270121702,
        -0.0005572312050138732,
        0,
        0.014252834814022713,
        0.9987556119352622,
        -0.047792094353227066,
        0,
        0.0012397637452529757,
        0.047779260929732836,
        0.9988571495312095,
        0,
        -1.34110444971469e-9,
        0.000750516366679221,
        -3.20374948792335e-9,
        1
      ],
      "name": "f_ring03R"
    },
    {
      "matrix": [
        0.999988233581785,
        0.004838006603046262,
        -0.00035551477945571874,
        0,
        -0.0048084173983035565,
        0.9982291291570894,
        0.059289514303964994,
        0,
        0.0006417284152652873,
        -0.05928712135051099,
        0.9982408847292893,
        0,
        6.70552224857346e-10,
        0.0012957570143044,
        9.68575442072961e-10,
        1
      ],
      "name": "f_ring02R",
      "children": [
        30
      ]
    },
    {
      "matrix": [
        0.9707456839051914,
        0.020489937960318155,
        -0.23923514464603454,
        0,
        -0.04109215923829196,
        0.9958301473661362,
        -0.08144931046847553,
        0,
        0.23656862153495695,
        0.088897234316567,
        0.9675395626057537,
        0,
        -0.000342525716405362,
        0.00313281011767685,
        -0.000110823326394893,
        1
      ],
      "name": "f_ring01R",
      "children": [
        31
      ]
    },
    {
      "matrix": [
        0.9995632368629613,
        -0.029538469789969515,
        -0.0007589007427486136,
        0,
        0.02917371126526517,
        0.9906450113391693,
        -0.1333092525549816,
        0,
        0.0046895540865204395,
        0.13322893568602537,
        0.9910744353068472,
        0,
        4.09781930610364e-10,
        0.000607041467446834,
        -1.37835742819448e-9,
        1
      ],
      "name": "f_pinky03R"
    },
    {
      "matrix": [
        0.9994186972204946,
        0.0340598913881797,
        0.0014803695210888106,
        0,
        -0.03402208692870277,
        0.9936466458019738,
        0.1072792683852756,
        0,
        0.0021829558651880283,
        -0.10726727190942073,
        0.9942278247813148,
        0,
        -1.34110444971469e-9,
        0.00100680277682841,
        2.53319742959945e-9,
        1
      ],
      "name": "f_pinky02R",
      "children": [
        33
      ]
    },
    {
      "matrix": [
        0.9268536475655038,
        -0.021233563508751215,
        -0.374821895112005,
        0,
        -0.015895722734414124,
        0.995284323924717,
        -0.09568929214388261,
        0,
        0.37508618112826503,
        0.09464803438511818,
        0.9221453831561269,
        0,
        -0.00103388773277402,
        0.00282990629784763,
        0.000158313079737127,
        1
      ],
      "name": "f_pinky01R",
      "children": [
        34
      ]
    },
    {
      "matrix": [
        2.0589210130844834e-7,
        -0.016313468407789706,
        0.9998668487483414,
        0,
        -0.02682673323836709,
        0.9995068938791625,
        0.01630760025418317,
        0,
        -0.9996399609690086,
        -0.026823167971362645,
        -0.00043743132573577457,
        0,
        1.89506876857592e-9,
        0.00822239741683006,
        8.38190281071682e-11,
        1
      ],
      "name": "handR",
      "children": [
        23,
        26,
        29,
        32,
        35
      ]
    },
    {
      "matrix": [
        0.9990054309734231,
        -0.04458139739853111,
        -0.0008049677705781287,
        0,
        0.0445827231514754,
        0.9990041634787262,
        0.0017155235043777547,
        0,
        0.0007276858524658184,
        -0.0017497052645684187,
        0.9999983237103593,
        0,
        5.26822452329156e-9,
        0.00932659674435854,
        8.26548759991219e-11,
        1
      ],
      "name": "forearmR",
      "children": [
        36
      ]
    },
    {
      "matrix": [
        -0.006161211399997812,
        0.030876575069986645,
        0.9995042166836188,
        0,
        -0.32959982631550605,
        0.9436055480111015,
        -0.031181500631410734,
        0,
        -0.9441005021392899,
        -0.32962853157468835,
        0.004363160434905098,
        0,
        5.39502990892782e-11,
        0.00578406313434243,
        5.74043923506906e-9,
        1
      ],
      "name": "upper_armR",
      "children": [
        37
      ]
    },
    {
      "matrix": [
        0.3466388555974067,
        0.030124144941732,
        -0.9375149153576378,
        0,
        -0.937904175158326,
        0.02533351269255063,
        -0.3459687216003321,
        0,
        0.01332848736076899,
        0.9992251476674967,
        0.037035163674634844,
        0,
        -0.000598902872297913,
        0.00654657185077667,
        0.00179437955375761,
        1
      ],
      "name": "shoulderR",
      "children": [
        38
      ]
    },
    {
      "matrix": [
        0.9999999999999991,
        2.8527674227876312e-8,
        3.2706602564267226e-8,
        0,
        -3.453350239287541e-8,
        0.9794839700828445,
        0.2015220923974542,
        0,
        -2.628663654083645e-8,
        -0.20152209239745514,
        0.9794839700828446,
        0,
        -5.29978688191339e-17,
        0.00460472609847784,
        -7.45058015283462e-10,
        1
      ],
      "name": "chest",
      "children": [
        1,
        20,
        39
      ]
    },
    {
      "matrix": [
        0.9999999999999989,
        -4.174768792837683e-8,
        -1.944090989693393e-8,
        0,
        3.5753636349907246e-8,
        0.9698703829546172,
        -0.24362077050776818,
        0,
        2.902577053494491e-8,
        0.24362079954963128,
        0.9698704985721971,
        0,
        2.9283403436023e-19,
        0.00263761729001999,
        -3.72529021519519e-11,
        1
      ],
      "name": "abdomen2",
      "children": [
        40
      ]
    },
    {
      "matrix": [
        0.9999999999999852,
        1.6580566522489584e-9,
        -1.718083891393928e-7,
        0,
        2.83104541995631e-10,
        0.9999359991124825,
        0.011297789447018277,
        0,
        1.7181612562523905e-7,
        -0.01129778944701816,
        0.9999359991124678,
        0,
        2.42861287670729e-19,
        0.00491523509845138,
        -6.98491915349098e-12,
        1
      ],
      "name": "abdomen",
      "children": [
        41
      ]
    },
    {
      "matrix": [
        0.9999993065552036,
        0.001060683590278414,
        -0.0003776640165192351,
        0,
        -0.0011254233278178622,
        0.9515434667315881,
        -0.3075114382382169,
        0,
        0.000033191382994830154,
        0.30751166835703514,
        0.9515440573232602,
        0,
        3.64727276158661e-10,
        0.00443185959011316,
        -2.79396766139639e-11,
        1
      ],
      "name": "toeL"
    },
    {
      "matrix": [
        0.9958347067178124,
        0.009981047955013209,
        0.09062702732909614,
        0,
        0.08431398553370434,
        0.277478785583784,
        -0.9570249204475684,
        0,
        -0.03469919413469688,
        0.9606798713106193,
        0.275481495934858,
        0,
        2.79088391286209e-10,
        0.0156177887693048,
        -5.73345433629857e-11,
        1
      ],
      "name": "footL",
      "children": [
        43
      ]
    },
    {
      "matrix": [
        0.9996891244205804,
        0.024930363937031776,
        0.00011077598590122146,
        0,
        -0.024877668035595234,
        0.99726694057816,
        0.06956746189247993,
        0,
        0.0016238688827244997,
        -0.06954859091600546,
        0.9975771239467858,
        0,
        3.99040328558087e-10,
        0.0143135897815228,
        -2.38287601456166e-11,
        1
      ],
      "name": "shinL",
      "children": [
        44
      ]
    },
    {
      "matrix": [
        0.999519224903896,
        0.029002749022476414,
        0.000015419941909924588,
        0,
        0.029004169147794048,
        -0.9995703957224904,
        0.0042141867370864335,
        0,
        0.00013764441618045812,
        -0.004211961207516722,
        -0.9999898570691471,
        0,
        0.00271744909696281,
        0.00183972786180675,
        0.000686002487782389,
        1
      ],
      "name": "thighL",
      "children": [
        45
      ]
    },
    {
      "matrix": [
        0.9999992467981611,
        -0.0010607892027784788,
        0.00037777092925922825,
        0,
        0.0011260437231975931,
        0.9410856891520172,
        -0.3381661490212392,
        0,
        0.000003208165968024819,
        0.33816638016930584,
        0.9410863430988532,
        0,
        -3.63587826512912e-10,
        0.00443185959011316,
        -3.72529021519519e-11,
        1
      ],
      "name": "toeR"
    },
    {
      "matrix": [
        0.9958347067178124,
        -0.009981047955013209,
        -0.09062702732909614,
        0,
        -0.08431398553370434,
        0.277478785583784,
        -0.9570249204475684,
        0,
        0.03469919413469688,
        0.9606798713106193,
        0.275481495934858,
        0,
        -2.72309896853784e-10,
        0.0156177887693048,
        1.70257401926888e-11,
        1
      ],
      "name": "footR",
      "children": [
        47
      ]
    },
    {
      "matrix": [
        0.9996891243827257,
        -0.024930365677185203,
        -0.00011072601970103922,
        0,
        0.024877666295441806,
        0.99726694057816,
        0.06956746251551096,
        0,
        -0.0016239188489217036,
        -0.06954859029297447,
        0.997577123908931,
        0,
        -3.87554821568159e-10,
        0.0143135897815228,
        -2.24827084033263e-11,
        1
      ],
      "name": "shinR",
      "children": [
        48
      ]
    },
    {
      "matrix": [
        0.9995192249038954,
        -0.029002749022491742,
        -0.000015419949184663783,
        0,
        -0.02900416914777872,
        -0.9995703957224911,
        0.004214186737191962,
        0,
        -0.00013764442345562533,
        -0.004211961207411193,
        -0.9999898570691471,
        0,
        -0.00271744909696281,
        0.00183972786180675,
        0.000686002720613033,
        1
      ],
      "name": "thighR",
      "children": [
        49
      ]
    },
    {
      "matrix": [
        0.9999999999999997,
        -2.505839853457313e-8,
        5.845402804323137e-12,
        0,
        -2.8774856881697663e-15,
        0.00023317700004088504,
        0.9999999521809859,
        0,
        -2.5058399216355035e-8,
        -0.9999999521809857,
        0.00023317700004088504,
        0,
        0,
        0.00052000000141561,
        0.0301656480878592,
        1
      ],
      "name": "hips",
      "children": [
        42,
        46,
        50
      ]
    },
    {
      "matrix": [
        100,
        0,
        0,
        0,
        0,
        -0.000013435885581891682,
        -99.99999657714513,
        0,
        0,
        99.99999657714513,
        -0.000013435885581891682,
        0,
        0,
        0,
        0,
        1
      ],
      "name": "free3dmodel_skeleton",
      "children": [
        51
      ]
    },
    {
      "matrix": [
        100,
        0,
        0,
        0,
        0,
        100,
        0,
        0,
        0,
        0,
        100,
        0,
        0,
        0,
        0,
        1
      ],
      "name": "free3dmodel025",
      "mesh": 0,
      "skin": 0
    },
    {
      "matrix": [
        100,
        0,
        0,
        0,
        0,
        100,
        0,
        0,
        0,
        0,
        100,
        0,
        0,
        0,
        0,
        1
      ],
      "name": "free3dmodel024",
      "mesh": 1,
      "skin": 1
    },
    {
      "matrix": [
        100,
        0,
        0,
        0,
        0,
        100,
        0,
        0,
        0,
        0,
        100,
        0,
        0,
        0,
        0,
        1
      ],
      "name": "free3dmodel023",
      "mesh": 2,
      "skin": 2
    },
    {
      "matrix": [
        100,
        0,
        0,
        0,
        0,
        100,
        0,
        0,
        0,
        0,
        100,
        0,
        0,
        0,
        0,
        1
      ],
      "name": "free3dmodel022",
      "mesh": 3,
      "skin": 3
    },
    {
      "matrix": [
        100,
        0,
        0,
        0,
        0,
        100,
        0,
        0,
        0,
        0,
        100,
        0,
        0,
        0,
        0,
        1
      ],
      "name": "free3dmodel021",
      "mesh": 4,
      "skin": 4
    },
    {
      "matrix": [
        100,
        0,
        0,
        0,
        0,
        100,
        0,
        0,
        0,
        0,
        100,
        0,
        0,
        0,
        0,
        1
      ],
      "name": "free3dmodel020",
      "mesh": 5,
      "skin": 5
    },
    {
      "matrix": [
        100,
        0,
        0,
        0,
        0,
        100,
        0,
        0,
        0,
        0,
        100,
        0,
        0,
        0,
        0,
        1
      ],
      "name": "free3dmodel019",
      "mesh": 6,
      "skin": 6
    },
    {
      "matrix": [
        100,
        0,
        0,
        0,
        0,
        100,
        0,
        0,
        0,
        0,
        100,
        0,
        0,
        0,
        0,
        1
      ],
      "name": "free3dmodel018",
      "mesh": 7,
      "skin": 7
    },
    {
      "matrix": [
        100,
        0,
        0,
        0,
        0,
        100,
        0,
        0,
        0,
        0,
        100,
        0,
        0,
        0,
        0,
        1
      ],
      "name": "free3dmodel017",
      "mesh": 8,
      "skin": 8
    },
    {
      "matrix": [
        100,
        0,
        0,
        0,
        0,
        100,
        0,
        0,
        0,
        0,
        100,
        0,
        0,
        0,
        0,
        1
      ],
      "name": "free3dmodel016",
      "mesh": 9,
      "skin": 9
    },
    {
      "matrix": [
        100,
        0,
        0,
        0,
        0,
        100,
        0,
        0,
        0,
        0,
        100,
        0,
        0,
        0,
        0,
        1
      ],
      "name": "free3dmodel015",
      "mesh": 10,
      "skin": 10
    },
    {
      "matrix": [
        100,
        0,
        0,
        0,
        0,
        100,
        0,
        0,
        0,
        0,
        100,
        0,
        0,
        0,
        0,
        1
      ],
      "name": "free3dmodel014",
      "mesh": 11,
      "skin": 11
    },
    {
      "matrix": [
        100,
        0,
        0,
        0,
        0,
        100,
        0,
        0,
        0,
        0,
        100,
        0,
        0,
        0,
        0,
        1
      ],
      "name": "free3dmodel013",
      "mesh": 12,
      "skin": 12
    },
    {
      "matrix": [
        100,
        0,
        0,
        0,
        0,
        100,
        0,
        0,
        0,
        0,
        100,
        0,
        0,
        0,
        0,
        1
      ],
      "name": "free3dmodel012",
      "mesh": 13,
      "skin": 13
    },
    {
      "matrix": [
        100,
        0,
        0,
        0,
        0,
        100,
        0,
        0,
        0,
        0,
        100,
        0,
        0,
        0,
        0,
        1
      ],
      "name": "free3dmodel011",
      "mesh": 14,
      "skin": 14
    },
    {
      "matrix": [
        100,
        0,
        0,
        0,
        0,
        100,
        0,
        0,
        0,
        0,
        100,
        0,
        0,
        0,
        0,
        1
      ],
      "name": "free3dmodel010",
      "mesh": 15,
      "skin": 15
    },
    {
      "matrix": [
        100,
        0,
        0,
        0,
        0,
        100,
        0,
        0,
        0,
        0,
        100,
        0,
        0,
        0,
        0,
        1
      ],
      "name": "free3dmodel009",
      "mesh": 16,
      "skin": 16
    },
    {
      "matrix": [
        100,
        0,
        0,
        0,
        0,
        100,
        0,
        0,
        0,
        0,
        100,
        0,
        0,
        0,
        0,
        1
      ],
      "name": "free3dmodel008",
      "mesh": 17,
      "skin": 17
    },
    {
      "matrix": [
        100,
        0,
        0,
        0,
        0,
        100,
        0,
        0,
        0,
        0,
        100,
        0,
        0,
        0,
        0,
        1
      ],
      "name": "free3dmodel007",
      "mesh": 18,
      "skin": 18
    },
    {
      "matrix": [
        100,
        0,
        0,
        0,
        0,
        100,
        0,
        0,
        0,
        0,
        100,
        0,
        0,
        0,
        0,
        1
      ],
      "name": "free3dmodel006",
      "mesh": 19,
      "skin": 19
    },
    {
      "matrix": [
        100,
        0,
        0,
        0,
        0,
        100,
        0,
        0,
        0,
        0,
        100,
        0,
        0,
        0,
        0,
        1
      ],
      "name": "free3dmodel005",
      "mesh": 20,
      "skin": 20
    },
    {
      "matrix": [
        100,
        0,
        0,
        0,
        0,
        100,
        0,
        0,
        0,
        0,
        100,
        0,
        0,
        0,
        0,
        1
      ],
      "name": "free3dmodel004",
      "mesh": 21,
      "skin": 21
    },
    {
      "matrix": [
        100,
        0,
        0,
        0,
        0,
        100,
        0,
        0,
        0,
        0,
        100,
        0,
        0,
        0,
        0,
        1
      ],
      "name": "free3dmodel003",
      "mesh": 22,
      "skin": 22
    },
    {
      "matrix": [
        100,
        0,
        0,
        0,
        0,
        100,
        0,
        0,
        0,
        0,
        100,
        0,
        0,
        0,
        0,
        1
      ],
      "name": "free3dmodel002",
      "mesh": 23,
      "skin": 23
    },
    {
      "matrix": [
        100,
        0,
        0,
        0,
        0,
        100,
        0,
        0,
        0,
        0,
        100,
        0,
        0,
        0,
        0,
        1
      ],
      "name": "free3dmodel001",
      "mesh": 24,
      "skin": 24
    },
    {
      "name": "RootNode",
      "children": [
        52,
        53,
        54,
        55,
        56,
        57,
        58,
        59,
        60,
        61,
        62,
        63,
        64,
        65,
        66,
        67,
        68,
        69,
        70,
        71,
        72,
        73,
        74,
        75,
        76,
        77
      ]
    }
  ],
  "bufferViews": [
    {
      "buffer": 0,
      "byteOffset": 0,
      "byteLength": 1488,
      "target": 34962,
      "byteStride": 8
    },
    {
      "buffer": 0,
      "byteOffset": 1488,
      "byteLength": 2232,
      "target": 34962,
      "byteStride": 12
    },
    {
      "buffer": 0,
      "byteOffset": 3720,
      "byteLength": 2232,
      "target": 34962,
      "byteStride": 12
    },
    {
      "buffer": 0,
      "byteOffset": 5952,
      "byteLength": 2976,
      "target": 34962,
      "byteStride": 16
    },
    {
      "buffer": 0,
      "byteOffset": 8928,
      "byteLength": 1512,
      "target": 34963
    },
    {
      "buffer": 0,
      "byteOffset": 10440,
      "byteLength": 1296,
      "target": 34962,
      "byteStride": 8
    },
    {
      "buffer": 0,
      "byteOffset": 11736,
      "byteLength": 1944,
      "target": 34962,
      "byteStride": 12
    },
    {
      "buffer": 0,
      "byteOffset": 13680,
      "byteLength": 1944,
      "target": 34962,
      "byteStride": 12
    },
    {
      "buffer": 0,
      "byteOffset": 15624,
      "byteLength": 2592,
      "target": 34962,
      "byteStride": 16
    },
    {
      "buffer": 0,
      "byteOffset": 18216,
      "byteLength": 1128,
      "target": 34963
    },
    {
      "buffer": 0,
      "byteOffset": 19344,
      "byteLength": 1296,
      "target": 34962,
      "byteStride": 8
    },
    {
      "buffer": 0,
      "byteOffset": 20640,
      "byteLength": 1944,
      "target": 34962,
      "byteStride": 12
    },
    {
      "buffer": 0,
      "byteOffset": 22584,
      "byteLength": 1944,
      "target": 34962,
      "byteStride": 12
    },
    {
      "buffer": 0,
      "byteOffset": 24528,
      "byteLength": 2592,
      "target": 34962,
      "byteStride": 16
    },
    {
      "buffer": 0,
      "byteOffset": 27120,
      "byteLength": 1128,
      "target": 34963
    },
    {
      "buffer": 0,
      "byteOffset": 28248,
      "byteLength": 1488,
      "target": 34962,
      "byteStride": 8
    },
    {
      "buffer": 0,
      "byteOffset": 29736,
      "byteLength": 2232,
      "target": 34962,
      "byteStride": 12
    },
    {
      "buffer": 0,
      "byteOffset": 31968,
      "byteLength": 2232,
      "target": 34962,
      "byteStride": 12
    },
    {
      "buffer": 0,
      "byteOffset": 34200,
      "byteLength": 2976,
      "target": 34962,
      "byteStride": 16
    },
    {
      "buffer": 0,
      "byteOffset": 37176,
      "byteLength": 1512,
      "target": 34963
    },
    {
      "buffer": 0,
      "byteOffset": 38688,
      "byteLength": 1296,
      "target": 34962,
      "byteStride": 8
    },
    {
      "buffer": 0,
      "byteOffset": 39984,
      "byteLength": 1944,
      "target": 34962,
      "byteStride": 12
    },
    {
      "buffer": 0,
      "byteOffset": 41928,
      "byteLength": 1944,
      "target": 34962,
      "byteStride": 12
    },
    {
      "buffer": 0,
      "byteOffset": 43872,
      "byteLength": 2592,
      "target": 34962,
      "byteStride": 16
    },
    {
      "buffer": 0,
      "byteOffset": 46464,
      "byteLength": 1128,
      "target": 34963
    },
    {
      "buffer": 0,
      "byteOffset": 47592,
      "byteLength": 1296,
      "target": 34962,
      "byteStride": 8
    },
    {
      "buffer": 0,
      "byteOffset": 48888,
      "byteLength": 1944,
      "target": 34962,
      "byteStride": 12
    },
    {
      "buffer": 0,
      "byteOffset": 50832,
      "byteLength": 1944,
      "target": 34962,
      "byteStride": 12
    },
    {
      "buffer": 0,
      "byteOffset": 52776,
      "byteLength": 2592,
      "target": 34962,
      "byteStride": 16
    },
    {
      "buffer": 0,
      "byteOffset": 55368,
      "byteLength": 1128,
      "target": 34963
    },
    {
      "buffer": 0,
      "byteOffset": 56496,
      "byteLength": 1488,
      "target": 34962,
      "byteStride": 8
    },
    {
      "buffer": 0,
      "byteOffset": 57984,
      "byteLength": 2232,
      "target": 34962,
      "byteStride": 12
    },
    {
      "buffer": 0,
      "byteOffset": 60216,
      "byteLength": 2232,
      "target": 34962,
      "byteStride": 12
    },
    {
      "buffer": 0,
      "byteOffset": 62448,
      "byteLength": 2976,
      "target": 34962,
      "byteStride": 16
    },
    {
      "buffer": 0,
      "byteOffset": 65424,
      "byteLength": 1512,
      "target": 34963
    },
    {
      "buffer": 0,
      "byteOffset": 66936,
      "byteLength": 1296,
      "target": 34962,
      "byteStride": 8
    },
    {
      "buffer": 0,
      "byteOffset": 68232,
      "byteLength": 1944,
      "target": 34962,
      "byteStride": 12
    },
    {
      "buffer": 0,
      "byteOffset": 70176,
      "byteLength": 1944,
      "target": 34962,
      "byteStride": 12
    },
    {
      "buffer": 0,
      "byteOffset": 72120,
      "byteLength": 2592,
      "target": 34962,
      "byteStride": 16
    },
    {
      "buffer": 0,
      "byteOffset": 74712,
      "byteLength": 1128,
      "target": 34963
    },
    {
      "buffer": 0,
      "byteOffset": 75840,
      "byteLength": 1296,
      "target": 34962,
      "byteStride": 8
    },
    {
      "buffer": 0,
      "byteOffset": 77136,
      "byteLength": 1944,
      "target": 34962,
      "byteStride": 12
    },
    {
      "buffer": 0,
      "byteOffset": 79080,
      "byteLength": 1944,
      "target": 34962,
      "byteStride": 12
    },
    {
      "buffer": 0,
      "byteOffset": 81024,
      "byteLength": 2592,
      "target": 34962,
      "byteStride": 16
    },
    {
      "buffer": 0,
      "byteOffset": 83616,
      "byteLength": 1128,
      "target": 34963
    },
    {
      "buffer": 0,
      "byteOffset": 84744,
      "byteLength": 1488,
      "target": 34962,
      "byteStride": 8
    },
    {
      "buffer": 0,
      "byteOffset": 86232,
      "byteLength": 2232,
      "target": 34962,
      "byteStride": 12
    },
    {
      "buffer": 0,
      "byteOffset": 88464,
      "byteLength": 2232,
      "target": 34962,
      "byteStride": 12
    },
    {
      "buffer": 0,
      "byteOffset": 90696,
      "byteLength": 2976,
